R1=[3     4     4     4     5
     2     2     2     2     3
     3     4     1     0     1];

R2 = [81 73 9 0 1 1 8; 32 19 6 0 1 0 0; 2 2 0 1 18 76 5; 0 0 2 2 0 0 2];

R3 = [1 1 0 0 1 1 1; 1 1 0 1 1 0 1; 1 1 1 1 1 1 1; 0 1 0 0 1 1 1];

R4 = [0 1 2 0 1 2; 1 1 2 2 0 0; 1 2 0 0 1 1];